 <pre>

 Contingency table for U10m (m/s)
 Selection: ALL   1011 stations
Period: 20230114-20230219
Used {00,06,12,18} + 00 01 ... 36
 Limits    1.50000000       3.29999995       5.50000000       8.00000000       10.8000002       13.8999996       24.5000000    
 Each class is data <= limit, the very last > last limit
 Total number of values     2239289
                                              OBSERVATION
                                 188829    63834     8947     1792      279       42        4        0 |    263727
                                 202165   316001    86243    11749     3075      525       32        0 |    619790
                                  38382   212917   268506    82535    10680     2840      197        0 |    616057
                          x411     5197    33719   129837   165629    53798     7878     1136        0 |    397194
                                    769     4050    18309    63310    81729    35488     5159        0 |    208814
                                     70      520     2142     7845    22789    39238    19174        4 |     91782
                                     10       30      137      747     2792     9637    28239      263 |     41855
                                      0        0        0        0        0        0       42       28 |        70

                    SUM          435422   631071   514121   333607   175142    95648    53983      295 |   2239289
                                              OBSERVATION
                                 188536    63314     8963     1806      283       41        3        0 |    262946
                                 202493   316342    85900    11751     3077      526       31        0 |    620120
                                  38335   213038   268603    82407    10684     2852      199        0 |    616118
                          x422     5209    33803   130111   165740    53865     7867     1165        0 |    397760
                                    769     4049    18243    63235    81672    35435     5075        0 |    208478
                                     72      498     2163     7912    22748    39349    19241        3 |     91986
                                      8       27      138      756     2813     9578    28223      264 |     41807
                                      0        0        0        0        0        0       46       28 |        74

                    SUM          435422   631071   514121   333607   175142    95648    53983      295 |   2239289

