 <pre>

 Contingency table for Cloud cover (octas)
 Selection: ALL    603 stations
Period: 20230114-20230215
Used {00,06,12,18} + 01 02 ... 36
 Limits   0.500000000       1.50000000       2.50000000       3.50000000       4.50000000       5.50000000       6.50000000       7.50000000    
 Each class is data <= limit, the very last > last limit
 Total number of values      969508
                                                       OBSERVATION
                                  83880     7373     4464     3430     2446     2881     2855     6268    18645 |    132242
                                  12032     2049     1443     1372     1106     1323     1458     3604     7518 |     31905
                                   6466     1181      909      902      704      884     1033     2456     5537 |     20072
                                   5175     1002      767      735      531      745      922     2158     4986 |     17021
                          x421     4732      965      689      704      596      778      897     2392     5185 |     16938
                                   4818     1048      804      780      630      814      974     2759     6054 |     18681
                                   6297     1312      920      984      801     1070     1254     3544     8542 |     24724
                                   9710     1995     1463     1488     1320     1806     2200     6611    16221 |     42814
                                  43990    11186     7545     9477     7922    12795    16464    98348   457384 |    665111

                    SUM          177100    28111    19004    19872    16056    23096    28057   128140   530072 |    969508
                                                       OBSERVATION
                                  83967     7351     4476     3421     2463     2940     2835     6276    18402 |    132131
                                  11972     2026     1483     1340     1076     1294     1451     3603     7552 |     31797
                                   6541     1230      915      891      702      870      987     2508     5348 |     19992
                                   5236     1006      706      788      590      726      920     2179     4982 |     17133
                          x422     4800      974      721      721      576      782      925     2317     5161 |     16977
                                   4828     1078      812      798      662      812      963     2700     6087 |     18740
                                   6310     1289      940      962      810     1072     1292     3614     8440 |     24729
                                   9527     2050     1473     1506     1234     1732     2189     6638    16128 |     42477
                                  43919    11107     7478     9445     7943    12868    16495    98305   457972 |    665532

                    SUM          177100    28111    19004    19872    16056    23096    28057   128140   530072 |    969508

