 <pre>

 Contingency table for Rh2m (%)
 Selection: ALL   1061 stations
Period: 20230114-20230219
Used {00,06,12,18} + 00 01 ... 36
 Limits    30.0000000       50.0000000       65.0000000       75.0000000       85.0000000       95.0000000       100.000000    
 Each class is data <= limit, the very last > last limit
 Total number of values     2358137
                                              OBSERVATION
                                     66       33       14        9        5        7        0        0 |       134
                                   1091     3835     3070     2172     3102     1241       54        0 |     14565
                                    276     9054    36257    23896    18678    13648     1544        0 |    103353
                          x411       24     2882    41417    77013    66903    40602     6770        0 |    235611
                                      3     1042    20662    93951   228882   210491    33404        0 |    588435
                                      0      215     5234    34138   195053   573422   217889        0 |   1025951
                                      0       22      465     2214    17503   124421   245182        0 |    389807
                                      0        0        0        0        6       58      217        0 |       281

                    SUM            1460    17083   107119   233393   530132   963890   505060        0 |   2358137
                                              OBSERVATION
                                     64       33       15        5        4        6        0        0 |       127
                                   1082     3826     3054     2035     2771     1041       45        0 |     13854
                                    287     9093    36210    23753    18551    13420     1481        0 |    102795
                          x422       23     2842    41377    77216    67326    40662     6735        0 |    236181
                                      4     1043    20806    93930   228711   210664    33309        0 |    588467
                                      0      224     5207    34256   195205   573707   218352        0 |   1026951
                                      0       22      450     2198    17558   124331   244918        0 |    389477
                                      0        0        0        0        6       59      220        0 |       285

                    SUM            1460    17083   107119   233393   530132   963890   505060        0 |   2358137

