 <pre>

 Contingency table for Rh2m (%)
 Selection: ALL   1061 stations
Period: 20230114-20230219
Used {00,06,12,18} + 00 01 ... 36
 Limits    30.0000000       50.0000000       65.0000000       75.0000000       85.0000000       95.0000000       100.000000    
 Each class is data <= limit, the very last > last limit
 Total number of values     2322565
                                              OBSERVATION
                                     65       35       14        8        4        5        0        0 |       131
                                   1091     3465     2971     2121     2967     1165       47        0 |     13827
                                    275     8543    34335    23100    18164    13178     1419        0 |     99014
                          x421       29     2806    39365    74804    65892    39627     6468        0 |    228991
                                      3     1061    20550    92198   224414   203739    32103        0 |    574068
                                      0      244     5206    33911   193552   564904   213677        0 |   1011494
                                      0       34      454     2223    17743   126425   247863        0 |    394742
                                      0        0        0        0        6       61      231        0 |       298

                    SUM            1463    16188   102895   228365   522742   949104   501808        0 |   2322565
                                              OBSERVATION
                                     64       33       15        5        4        6        0        0 |       127
                                   1082     3498     2950     2035     2810     1066       45        0 |     13486
                                    288     8607    34301    23177    18447    13343     1471        0 |     99634
                          x422       25     2751    39735    75189    66395    40258     6713        0 |    231066
                                      4     1035    20340    92061   224999   205319    32604        0 |    576362
                                      0      234     5119    33718   192642   565428   216560        0 |   1013701
                                      0       30      435     2180    17439   123625   244195        0 |    387904
                                      0        0        0        0        6       59      220        0 |       285

                    SUM            1463    16188   102895   228365   522742   949104   501808        0 |   2322565

