 <pre>

 Contingency table for Cloud cover (octas)
 Selection: ALL    603 stations
Period: 20230114-20230219
Used {00,06,12,18} + 01 02 ... 36
 Limits   0.500000000       1.50000000       2.50000000       3.50000000       4.50000000       5.50000000       6.50000000       7.50000000    
 Each class is data <= limit, the very last > last limit
 Total number of values     1066156
                                                       OBSERVATION
                                  88296     7626     4693     3510     2496     2924     2918     6166    18663 |    137292
                                  12683     2109     1531     1419     1145     1391     1522     3601     7581 |     32982
                                   6920     1260      943      968      750      934     1062     2494     5683 |     21014
                                   5445     1049      805      787      589      792      974     2261     5094 |     17796
                          x421     5091     1039      735      778      614      808      940     2459     5323 |     17787
                                   4998     1092      842      824      684      863     1047     2908     6275 |     19533
                                   6584     1386      989     1032      863     1105     1358     3726     8836 |     25879
                                  10139     2108     1573     1616     1420     1892     2359     6931    16908 |     44946
                                  47227    11890     8133    10107     8531    13879    18110   109437   521613 |    748927

                    SUM          187383    29559    20244    21041    17092    24588    30290   139983   595976 |   1066156
                                                       OBSERVATION
                                  89340     7712     4757     3574     2594     3044     3000     6391    18982 |    139394
                                  12506     2125     1578     1415     1140     1371     1517     3700     7821 |     33173
                                   6854     1302      981      932      739      918     1037     2604     5575 |     20942
                                   5486     1059      747      835      632      766      978     2283     5200 |     17986
                          x422     5039     1013      762      768      606      830      979     2415     5406 |     17818
                                   5053     1129      854      837      692      849     1017     2831     6388 |     19650
                                   6598     1347      999     1013      870     1133     1376     3806     8858 |     26000
                                   9930     2149     1575     1586     1310     1820     2343     7004    17002 |     44719
                                  46577    11723     7991    10081     8509    13857    18043   108949   520744 |    746474

                    SUM          187383    29559    20244    21041    17092    24588    30290   139983   595976 |   1066156

