 <pre>

 Contingency table for Visibility (m)
 Selection: ALL    714 stations
Period: 20230114-20230219
Used {00,06,12,18} + 00 01 ... 36
 Limits    1000.00000       5000.00000       10000.0000       20000.0000    
 Each class is data <= limit, the very last > last limit
 Total number of values     1432880
                                     OBSERVATION
                                  14752    19183     7191     6257     4338 |     51721
                                  16590    93169    60695    66337    58553 |    295344
                          x411     5602    32299    46705    92524   133764 |    310894
                                   2407    13654    29552    86082   216888 |    348583
                                   3603    19633    40558   108723   253821 |    426338

                    SUM           42954   177938   184701   359923   667364 |   1432880
                                     OBSERVATION
                                  14812    19203     7236     6221     4381 |     51853
                                  16578    93001    60705    66522    58529 |    295335
                          x422     5737    32782    47324    92739   134052 |    312634
                                   2428    13795    29703    87630   218970 |    352526
                                   3399    19157    39733   106811   251432 |    420532

                    SUM           42954   177938   184701   359923   667364 |   1432880

