 <pre>

 Contingency table for Rh2m (%)
 Selection: ALL   1061 stations
Period: 20230114-20230206
Used {00,06,12,18} + 00 01 ... 36
 Limits    30.0000000       50.0000000       65.0000000       75.0000000       85.0000000       95.0000000       100.000000    
 Each class is data <= limit, the very last > last limit
 Total number of values     1561392
                                              OBSERVATION
                                     45       34       14        8        4        5        0        0 |       110
                                    913     2179     2282     1983     2859     1090       44        0 |     11350
                                    133     3765    18181    15734    14665    10880     1069        0 |     64427
                          x421       17     1170    20247    47873    48532    31234     5049        0 |    154122
                                      0      374     9382    54177   159027   160638    24795        0 |    408393
                                      0      145     2243    16120   118189   408432   154867        0 |    699996
                                      0       23      310      819     7519    69163   145090        0 |    222924
                                      0        0        0        0        6       24       40        0 |        70

                    SUM            1108     7690    52659   136714   350801   681466   330954        0 |   1561392
                                              OBSERVATION
                                     45       32       15        5        4        6        0        0 |       107
                                    904     2189     2247     1892     2721     1004       41        0 |     10998
                                    145     3780    18115    15679    14810    10875     1098        0 |     64502
                          x422       14     1153    20422    48132    48784    31506     5146        0 |    155157
                                      0      376     9340    54077   158909   160740    24854        0 |    408296
                                      0      137     2220    16122   118079   408309   155005        0 |    699872
                                      0       23      300      807     7488    69001   144769        0 |    222388
                                      0        0        0        0        6       25       41        0 |        72

                    SUM            1108     7690    52659   136714   350801   681466   330954        0 |   1561392

