 <pre>

 Contingency table for Cloud cover (octas)
 Selection: ALL    603 stations
Period: 20230114-20230219
Used {00,06,12,18} + 01 02 ... 36
 Limits   0.500000000       1.50000000       2.50000000       3.50000000       4.50000000       5.50000000       6.50000000       7.50000000    
 Each class is data <= limit, the very last > last limit
 Total number of values     1082736
                                                       OBSERVATION
                                  91087     7945     4900     3663     2658     3065     3071     6603    19948 |    142940
                                  12890     2114     1556     1481     1134     1425     1569     3727     7937 |     33833
                                   6917     1283     1029      984      767      994     1069     2580     5814 |     21437
                                   5557     1089      770      835      619      773     1030     2304     5353 |     18330
                          x411     5001     1065      795      773      650      809      989     2522     5662 |     18266
                                   5061     1140      822      844      693      898     1119     2987     6687 |     20251
                                   6627     1384     1045     1050      872     1159     1303     3873     9299 |     26612
                                  10134     2141     1578     1635     1445     1912     2418     7292    17829 |     46384
                                  47292    11902     8115    10193     8561    14038    18280   110521   525781 |    754683

                    SUM          190566    30063    20610    21458    17399    25073    30848   142409   604310 |   1082736
                                                       OBSERVATION
                                  90944     7862     4841     3638     2646     3097     3038     6447    19096 |    141609
                                  12736     2169     1601     1443     1157     1403     1549     3745     7920 |     33723
                                   6973     1327     1002      955      760      938     1060     2658     5663 |     21336
                                   5574     1071      769      849      651      788      991     2321     5328 |     18342
                          x422     5131     1027      781      789      624      847     1001     2463     5535 |     18198
                                   5130     1150      870      858      703      869     1041     2898     6557 |     20076
                                   6729     1367     1021     1035      892     1154     1398     3904     9116 |     26616
                                  10079     2186     1609     1622     1331     1871     2397     7205    17579 |     45879
                                  47270    11904     8116    10269     8635    14106    18373   110768   527516 |    756957

                    SUM          190566    30063    20610    21458    17399    25073    30848   142409   604310 |   1082736

