 <pre>

 Contingency table for Rh2m (%)
 Selection: ALL   1061 stations
Period: 20230114-20230215
Used {00,06,12,18} + 00 01 ... 36
 Limits    30.0000000       50.0000000       65.0000000       75.0000000       85.0000000       95.0000000       100.000000    
 Each class is data <= limit, the very last > last limit
 Total number of values     2114454
                                              OBSERVATION
                                     63       35       14        8        4        5        0        0 |       129
                                   1093     3173     2834     2108     2981     1209       45        0 |     13443
                                    277     7547    29951    20637    17308    12867     1399        0 |     89986
                          x421       28     2433    35683    67236    61241    37766     6381        0 |    210768
                                      1      975    18421    84295   210092   190901    30710        0 |    535395
                                      0      240     4844    31219   178031   521417   194602        0 |    930353
                                      0       30      425     2054    15631   108877   207282        0 |    334299
                                      0        0        0        0        6       27       48        0 |        81

                    SUM            1462    14433    92172   207557   485294   873069   440467        0 |   2114454
                                              OBSERVATION
                                     64       33       15        5        4        6        0        0 |       127
                                   1082     3184     2828     2019     2847     1110       45        0 |     13115
                                    290     7561    29899    20535    17456    12906     1441        0 |     90088
                          x422       25     2418    35770    67497    61550    37981     6460        0 |    211701
                                      1      970    18429    84258   209833   190993    30737        0 |    535221
                                      0      239     4817    31211   177933   521327   194813        0 |    930340
                                      0       28      414     2032    15665   108719   206922        0 |    333780
                                      0        0        0        0        6       27       49        0 |        82

                    SUM            1462    14433    92172   207557   485294   873069   440467        0 |   2114454

