 <pre>

 Contingency table for Visibility (m)
 Selection: ALL    713 stations
Period: 20230114-20230206
Used {00,06,12,18} + 00 01 ... 36
 Limits    1000.00000       5000.00000       10000.0000       20000.0000    
 Each class is data <= limit, the very last > last limit
 Total number of values      943852
                                     OBSERVATION
                                   6862    10847     4296     3200     2145 |     27350
                                   9023    55952    36127    40571    37188 |    178861
                          x421     3087    21586    28511    58592    96267 |    208043
                                   1483     9202    17524    53093   152820 |    234122
                                   2515    14408    26643    71588   180322 |    295476

                    SUM           22970   111995   113101   227044   468742 |    943852
                                     OBSERVATION
                                   6808    10792     4267     3158     2240 |     27265
                                   9038    55964    36077    40571    37289 |    178939
                          x422     3255    22121    29360    59440    96300 |    210476
                                   1570     9524    17860    54151   154937 |    238042
                                   2299    13594    25537    69724   177976 |    289130

                    SUM           22970   111995   113101   227044   468742 |    943852

