 <pre>

 Contingency table for U10m (m/s)
 Selection: ALL   1011 stations
Period: 20230114-20230215
Used {00,06,12,18} + 00 01 ... 36
 Limits    1.50000000       3.29999995       5.50000000       8.00000000       10.8000002       13.8999996       24.5000000    
 Each class is data <= limit, the very last > last limit
 Total number of values     2005641
                                              OBSERVATION
                                 176606    59311     8179     1611      243       26        2        0 |    245978
                                 186640   287606    77329    10349     2762      474       26        0 |    565186
                                  34578   189615   236035    72001     9486     2613      176        0 |    544504
                          x421     4674    29658   114245   144370    47096     7171     1076        0 |    348290
                                    694     3619    15861    55168    71736    31492     4619        0 |    183189
                                     57      487     1896     6977    20154    34928    16951        5 |     81455
                                      6       30      119      621     2447     8532    25006      219 |     36980
                                      0        0        0        0        0        0       36       23 |        59

                    SUM          403255   570326   453664   291097   153924    85236    47892      247 |   2005641
                                              OBSERVATION
                                 176568    59204     8246     1606      240       26        4        0 |    245894
                                 186760   287559    77182    10390     2755      462       24        0 |    565132
                                  34531   189728   235795    71731     9460     2636      178        0 |    544059
                          x422     4640    29718   114555   144380    47179     7185     1088        0 |    348745
                                    695     3614    15856    55352    71725    31472     4610        0 |    183324
                                     56      478     1905     7008    20081    34918    17007        3 |     81456
                                      5       25      125      630     2484     8537    24948      222 |     36976
                                      0        0        0        0        0        0       33       22 |        55

                    SUM          403255   570326   453664   291097   153924    85236    47892      247 |   2005641

