 <pre>

 Contingency table for Cloud cover (octas)
 Selection: ALL    602 stations
Period: 20230114-20230206
Used {00,06,12,18} + 01 02 ... 36
 Limits   0.500000000       1.50000000       2.50000000       3.50000000       4.50000000       5.50000000       6.50000000       7.50000000    
 Each class is data <= limit, the very last > last limit
 Total number of values      711858
                                                       OBSERVATION
                                  53674     4752     2871     2417     1793     2091     2048     4959    15267 |     89872
                                   7726     1515      969     1068      849     1066     1112     2967     6108 |     23380
                                   4075      843      635      685      569      682      742     2026     4535 |     14792
                                   3245      700      534      565      404      572      714     1750     4058 |     12542
                          x421     3004      699      470      549      478      590      676     1943     4224 |     12633
                                   2935      768      565      586      493      654      764     2300     4943 |     14008
                                   3668      916      604      704      612      820      935     2912     6923 |     18094
                                   5455     1350     1003     1064      983     1408     1599     5359    13028 |     31249
                                  22316     6986     4842     6407     5605     9188    11915    75624   352405 |    495288

                    SUM          106098    18529    12493    14045    11786    17071    20505    99840   411491 |    711858
                                                       OBSERVATION
                                  53923     4729     2883     2422     1818     2138     2021     4968    15056 |     89958
                                   7568     1469      986     1026      828     1016     1100     2959     6143 |     23095
                                   4106      894      648      667      553      678      731     2081     4327 |     14685
                                   3304      711      488      607      457      549      699     1774     4030 |     12619
                          x422     3021      727      513      564      465      616      699     1895     4165 |     12665
                                   2954      788      559      603      520      647      722     2223     5002 |     14018
                                   3684      852      627      670      596      817      971     2978     6800 |     17995
                                   5367     1413      996     1098      903     1344     1600     5390    12941 |     31052
                                  22171     6946     4793     6388     5646     9266    11962    75572   353027 |    495771

                    SUM          106098    18529    12493    14045    11786    17071    20505    99840   411491 |    711858

