 <pre>

 Contingency table for Visibility (m)
 Selection: ALL    714 stations
Period: 20230114-20230215
Used {00,06,12,18} + 00 01 ... 36
 Limits    1000.00000       5000.00000       10000.0000       20000.0000    
 Each class is data <= limit, the very last > last limit
 Total number of values     1283780
                                     OBSERVATION
                                  12325    15078     6353     5886     4107 |     43749
                                  14543    70855    49449    58508    53417 |    246772
                          x421     5220    27756    40017    83454   123136 |    279583
                                   2207    11673    25586    78200   201022 |    318688
                                   3440    17955    37243   101171   235179 |    394988

                    SUM           37735   143317   158648   327219   616861 |   1283780
                                     OBSERVATION
                                  12273    15057     6345     5861     4208 |     43744
                                  14559    70851    49373    58553    53502 |    246838
                          x422     5413    28288    40831    84304   123397 |    282233
                                   2294    12025    26161    79815   203793 |    324088
                                   3196    17096    35938    98686   231961 |    386877

                    SUM           37735   143317   158648   327219   616861 |   1283780

