 <pre>

 Contingency table for U10m (m/s)
 Selection: ALL   1011 stations
Period: 20230114-20230219
Used {00,06,12,18} + 00 01 ... 36
 Limits    1.50000000       3.29999995       5.50000000       8.00000000       10.8000002       13.8999996       24.5000000    
 Each class is data <= limit, the very last > last limit
 Total number of values     2205438
                                              OBSERVATION
                                 185113    62113     8740     1739      268       34        2        0 |    258009
                                 199647   311276    84618    11549     3003      508       35        0 |    610636
                                  37981   210218   264450    81082    10575     2827      188        0 |    607321
                          x421     5162    33291   128068   163068    52946     7769     1167        0 |    391471
                                    776     3999    17935    62081    80462    34836     4990        0 |    205079
                                     75      515     2140     7788    22642    38918    19021        5 |     91104
                                      7       33      132      777     2754     9607    28170      265 |     41745
                                      0        0        0        0        0        0       45       28 |        73

                    SUM          428761   621445   506083   328084   172650    94499    53618      298 |   2205438
                                              OBSERVATION
                                 185337    62224     8810     1779      271       39        5        0 |    258465
                                 199563   311266    84581    11521     3010      512       35        0 |    610488
                                  37892   210143   264446    81063    10577     2853      197        0 |    607171
                          x422     5131    33316   128124   162985    53185     7819     1169        0 |    391729
                                    761     3969    17861    62150    80378    34887     5000        0 |    205006
                                     70      500     2121     7820    22441    38842    19077        3 |     90874
                                      7       27      140      766     2788     9547    28089      267 |     41631
                                      0        0        0        0        0        0       46       28 |        74

                    SUM          428761   621445   506083   328084   172650    94499    53618      298 |   2205438

