 <pre>

 Contingency table for Visibility (m)
 Selection: ALL    714 stations
Period: 20230114-20230219
Used {00,06,12,18} + 00 01 ... 36
 Limits    1000.00000       5000.00000       10000.0000       20000.0000    
 Each class is data <= limit, the very last > last limit
 Total number of values     1411276
                                     OBSERVATION
                                  15044    19571     7337     6202     4489 |     52643
                                  16517    92071    60732    66899    58984 |    295203
                          x421     5342    31169    45478    90761   131899 |    304649
                                   2298    12783    28290    84096   211109 |    338576
                                   3567    19567    40333   107688   249050 |    420205

                    SUM           42768   175161   182170   355646   655531 |   1411276
                                     OBSERVATION
                                  14788    19193     7228     6216     4379 |     51804
                                  16485    91375    59956    65900    57994 |    291710
                          x422     5701    32189    46633    91916   131733 |    308172
                                   2407    13460    29127    86185   214745 |    345924
                                   3387    18944    39226   105429   246680 |    413666

                    SUM           42768   175161   182170   355646   655531 |   1411276

